83                                                                      
86                                                                      
144                                                                      
186                                                                      
187                                                                      
188                                                                      
191                                                                      
4225                                                                      
4585                                                                      
4905                                                                      
7110                                                                      
7330                                                                      
7450                                                                      
10770                                                                      
11070                                                                      
11090                                                                      
11270                                                                      
11273                                                                      
